ANHANG. 89

4, 8 1111111114 4144111414. 41111] 1144441141 14111444413 1144411 444-
341411111411, 111 41141 1444211341 8444 14 3411111141 444 44414 41
1111111114 1141411114 (1114 2, 6, 9. 44, 4, 10) 41141 11111111 4441111114 ( Fabri 44
28,81, 13) 34114441 4141141414.14444414144411411444441144144444114(ιο
4141444441 u. Fabri) kann ich 11444 glauben, 444444141314144411 44144
1141 ihm 3441111141 11111,1 4 1144411111 28, 31,1.

S δέ, 93114141 (1441144438Μ411113,41141’1141ι41441.8441. 44114131814
49141114444411. ’4144441111 1. 144111. 4. 44444. Ph 1864818111 111
4411114111 4111111111 41444 4411441414.

4111411 Μ14Ατ31111411144141 (4111. L..²S 234) 1144413 114114,1144
114 auf 141 411441 4141441 14 4411 14414114, 1411414 11111 141141 44441
141 Hieronymus 11 114Κ44434114311441444 41441144444144411. 4141414
14414.1.41414.Ρ111.14148. ’114434 zu 44418444441 ’11111444114411411114
pervertit 41111 411414 4411), 44 11111114 14411444144111141411441 11111411
411 411, 414 es 411 1114 844144 141 11111 144441. 444 344144 4441, 1444 114
114 141444141311011111113141ς11411 1144444141 nieht 11111 444141 41444141,
44114111 den 3111441 4144411444 1144 114 4111444114 44341; 44 4144441111.

11111 bomo 1441114 3414 1114 8414114413 1411 441411 mm 1111141114(4.11. comm..) ·

Vgl. 8, 34, 4 114 114 411 plebeios 11111411 44114414414441141441111441444111144
que 11111 411444144141111411114 4111111114 44444114 41144 41114114441 4411
4141 441 4114 4411 1144 14411444144 11414.

482 iiber 4114414,144414411141111414 134. Η1414411411 Pr 4441411.
1844 8.

4,94141441111]443441441144411414144141144, 114144441110411111.
4114 1141 1411 (14.141341Ρ411441.848.461411141114144184441414421.
Β44444 41414414 habe, 44 bin 144 1444 34114134 1114 Ruhnken zum 11444.

Ρ44.2,29,4414114144441414413443444111111Αδευρῐυσι 4141144

nach Verwieohung des (1444414444 sehr 4414414111 Αδευετυα) werden3

1114144 444443 adscitum vor.

4,12 114 41144114 41141 41114114 144 4141411414144 1144413, ihre 4114·
1111111113 44414444411444444, 141 11111 144 41444 1141414414341144414411,
144 144444 1114 8111413 44 344444 haben. 444 habe 114 4111444444 Weise’
34114444 und 444441141444111114 41411114 1411114144 411 144414 11141141 41311144.

1441144141 den 444 4. 1114. fut. 444. mit 3444444411 Η11444141414141
Livius 134 1114 3111111444 41614414131411 L. 1114444141, Liv. Studien
1 81-14 (Ρ1.14144414441.Α4111141114,1414118111 114141 4144 4414 44
heim 414. Fut. Act. (4. anderen 4111)’Μ. Μι1444111844441414414144114).
1862 8 33941 1141411114 4414444413 1144 8114114444 Ρ14141114114 Κ11411444 S. 108

6,1 1441411111114444 4411441141114444 144141ιά1111. 4411441114 1114 Md.
411444 1111444444113 4111414444 4144 dem (1411411141 11444 mehr 444 114
1141141413 144 41114411 11114411.Ι)14811114.1413,11444414114141 44441141
4431444,144141811114184444341444111111444411,4441 1144411411
1141441, 114 bei ihm 34441141 11411411,14 141 414441 cmx Hannibale 1114
1441411411 14 1414111141 3414134 sein 11111, 114111 44 4444 44444144 11444
11434144 1411144113411144144 4144444 4411141114 441144444441 444 1114
11111411131113 41144 4441111444 11141ι,1444 111111 4 1411414444113 4114141
1141441411 81141441341414411141,14111411 11414411414441141414441413144
411444 44114414444114441411 41144444, 1441114410, 12 4141414141 41111 111
41444 mma 411111 3111 111. 28, 8 1414411114 411111 414 41444 41111 m's mittique.
36,1114111111111414444441“11111111 111414. 46, 34 1414414114444441111111111
118111141481181488 844144141141448441118
4181114· 1444 4434 41 solbat: 4111 41141111. ·

- 1211414414 44144 11141 stg S 94,1114 sehon 1114 1144411414
Δ14841 4144. 81141411 114 84414113 1141114111 4314444114 134. W. 8441411411
114 ιι. 26

 

